r	B	C	D	E
0	0	0	0	0
0.01	0	0	0	0
0.02	0	0	0	0
0.03	0	0	0	0
0.04	0	0	0	0
0.05	0	0	0	0
0.06	0	0	0	0
0.07	0	0	0	0
0.08	0	0	0	0
0.09	0	0	0	0
0.1	0	0	0	0
0.11	0	0	0	0
0.12	0	0	0	0
0.13	0	0	0	0
0.14	0	0	0	0
0.15	0	0	0	0
0.16	0	0	0	0
0.17	0	0	0	0
0.18	0	0	0	0
0.19	0	0	0	0
0.2	0	0	0	0
0.21	0	0	0	0
0.22	0	0	0	0
0.23	0	0	0	0
0.24	0	0	0	0.001
0.25	0	0	0	0.002
0.26	0	0	0	0.005
0.27	0	0	0	0.021
0.28	0	0	0	0.085
0.29	0	0	0	0.238
0.3	0	0	0	0.43
0.31	0	0	0.007	0.638
0.32	0.001	0	0.051	0.781
0.33	0.008	0.002	0.172	0.894
0.34	0.059	0.014	0.327	0.96
0.35	0.254	0.086	0.555	1.032
0.36	0.674	0.251	0.73	1.1
0.37	1.168	0.584	0.821	1.189
0.38	1.767	1.012	0.91	1.285
0.39	2.291	1.411	0.921	1.365
0.4	2.519	1.696	0.949	1.394
0.41	2.66	1.907	0.93	1.417
0.42	2.552	1.931	0.959	1.395
0.43	2.427	1.904	0.943	1.361
0.44	2.21	1.836	0.948	1.331
0.45	2.001	1.747	0.981	1.314
0.46	1.798	1.676	0.993	1.295
0.47	1.642	1.583	1.047	1.297
0.48	1.541	1.566	1.092	1.292
0.49	1.432	1.57	1.165	1.286
0.5	1.379	1.573	1.243	1.275
0.51	1.309	1.59	1.291	1.266
0.52	1.245	1.57	1.307	1.244
0.53	1.181	1.486	1.317	1.219
0.54	1.1	1.405	1.276	1.187
0.55	1.052	1.277	1.263	1.159
0.56	0.976	1.17	1.262	1.129
0.57	0.94	1.066	1.254	1.105
0.58	0.886	0.985	1.23	1.077
0.59	0.836	0.932	1.214	1.048
0.6	0.796	0.851	1.177	1.019
0.61	0.768	0.798	1.179	0.99
0.62	0.75	0.781	1.139	0.962
0.63	0.725	0.739	1.098	0.934
0.64	0.717	0.731	1.075	0.916
0.65	0.719	0.726	1.053	0.904
0.66	0.715	0.723	1.004	0.891
0.67	0.73	0.73	0.964	0.878
0.68	0.746	0.746	0.938	0.877
0.69	0.758	0.765	0.923	0.875
0.7	0.783	0.778	0.906	0.873
0.71	0.797	0.804	0.905	0.88
0.72	0.817	0.82	0.901	0.882
0.73	0.837	0.842	0.907	0.891
0.74	0.843	0.856	0.903	0.894
0.75	0.873	0.886	0.903	0.903
0.76	0.896	0.9	0.901	0.911
0.77	0.913	0.918	0.925	0.919
0.78	0.939	0.928	0.93	0.927
0.79	0.961	0.952	0.938	0.939
0.8	0.964	0.966	0.932	0.943
0.81	0.988	0.98	0.949	0.953
0.82	0.99	0.996	0.953	0.958
0.83	1.002	0.999	0.963	0.965
0.84	1.005	1.013	0.965	0.968
0.85	1.012	1.004	0.964	0.972
0.86	0.999	1.017	0.975	0.975
0.87	1.009	1.01	0.972	0.981
0.88	0.997	1.018	0.97	0.98
0.89	1.004	1.022	0.966	0.979
0.9	0.99	1.012	0.961	0.981
0.91	1	1.013	0.969	0.981
0.92	0.995	1.002	0.969	0.978
0.93	0.999	0.998	0.963	0.978
0.94	0.983	0.981	0.956	0.972
0.95	0.972	0.987	0.971	0.975
0.96	0.964	0.975	0.953	0.972
0.97	0.959	0.962	0.956	0.97
0.98	0.954	0.965	0.957	0.967
0.99	0.952	0.954	0.959	0.963
1	0.943	0.939	0.952	0.96
1.01	0.946	0.941	0.961	0.96
1.02	0.928	0.938	0.961	0.956
1.03	0.94	0.934	0.957	0.957
1.04	0.936	0.928	0.957	0.955
1.05	0.932	0.929	0.95	0.952
1.06	0.931	0.932	0.951	0.955
1.07	0.92	0.934	0.952	0.949
1.08	0.929	0.922	0.948	0.951
1.09	0.936	0.923	0.953	0.953
1.1	0.938	0.934	0.956	0.953
1.11	0.934	0.936	0.954	0.954
1.12	0.944	0.938	0.953	0.954
1.13	0.943	0.944	0.952	0.956
1.14	0.942	0.952	0.954	0.958
1.15	0.951	0.949	0.962	0.959
1.16	0.95	0.953	0.95	0.958
1.17	0.96	0.955	0.95	0.958
1.18	0.953	0.961	0.948	0.961
1.19	0.965	0.961	0.946	0.964
1.2	0.965	0.964	0.957	0.964
1.21	0.975	0.964	0.958	0.966
1.22	0.978	0.968	0.965	0.969
1.23	0.974	0.977	0.964	0.971
1.24	0.966	0.973	0.966	0.97
1.25	0.972	0.978	0.961	0.972
1.26	0.967	0.976	0.965	0.97
1.27	0.975	0.974	0.971	0.975
1.28	0.977	0.983	0.968	0.976
1.29	0.98	0.976	0.973	0.975
1.3	0.98	0.981	0.972	0.979
1.31	0.977	0.978	0.975	0.978
1.32	0.977	0.968	0.972	0.977
1.33	0.971	0.972	0.976	0.977
1.34	0.977	0.985	0.973	0.98
1.35	0.976	0.976	0.978	0.98
1.36	0.98	0.982	0.977	0.982
1.37	0.978	0.982	0.978	0.981
1.38	0.979	0.971	0.977	0.981
1.39	0.977	0.978	0.98	0.983
1.4	0.973	0.979	0.985	0.983
1.41	0.977	0.976	0.975	0.982
1.42	0.982	0.982	0.982	0.985
1.43	0.979	0.979	0.978	0.984
1.44	0.979	0.98	0.98	0.985
1.45	0.986	0.981	0.983	0.985
1.46	0.99	0.98	0.982	0.986
1.47	0.985	0.981	0.977	0.988
1.48	0.991	0.978	0.981	0.988
1.49	0.989	0.979	0.98	0.986
1.5	0.989	0.983	0.984	0.988
1.51	0.989	0.992	0.989	0.99
1.52	0.992	0.982	0.985	0.99
1.53	0.992	0.981	0.979	0.99
1.54	0.988	0.984	0.982	0.988
1.55	0.992	0.99	0.986	0.99
1.56	0.991	0.988	0.985	0.993
1.57	0.995	0.99	0.988	0.991
1.58	0.992	0.992	0.983	0.992
1.59	0.991	0.997	0.986	0.993
1.6	1	0.994	0.989	0.994
1.61	0.993	0.996	0.992	0.997
1.62	0.995	0.989	0.99	0.993
1.63	0.997	0.99	0.984	0.993
1.64	0.992	0.995	0.986	0.994
1.65	0.99	0.998	0.988	0.995
1.66	1	0.992	0.989	0.997
1.67	0.992	0.996	0.988	0.996
1.68	0.998	0.997	0.996	0.997
1.69	0.995	0.995	1	0.997
1.7	0.999	0.997	0.993	0.997
1.71	0.994	0.994	0.996	0.998
1.72	0.992	0.994	0.995	0.996
1.73	0.994	0.988	0.997	0.998
1.74	1	0.996	0.986	0.997
1.75	1.002	0.996	0.995	1
1.76	0.995	0.996	0.994	0.998
1.77	0.995	0.996	0.995	0.998
1.78	1.001	0.988	0.993	0.998
1.79	0.999	0.994	0.998	0.999
1.8	1.001	0.993	0.997	1
1.81	0.998	1	0.993	0.999
1.82	0.997	0.996	0.996	1
1.83	1	0.997	0.999	1.001
1.84	0.996	0.997	0.996	1.001
1.85	1.002	0.996	0.999	1.001
1.86	1.004	1.001	1.001	1.001
1.87	1	1.004	0.998	1.002
1.88	0.999	1	0.998	1.002
1.89	0.996	1.002	0.997	1
1.9	1.002	1.002	1.001	1.003
1.91	1.004	1.011	1.001	1.005
1.92	1	1	1.005	1.003
1.93	1.005	1.004	1.002	1.005
1.94	1.002	1.006	1.005	1.005
1.95	1.004	1.003	1.003	1.004
1.96	1.008	1.003	1.008	1.005
1.97	1.005	1.007	1.003	1.006
1.98	1.001	1	1.002	1.005
1.99	1.007	1.008	1.004	1.007
2	1.005	1.005	1.007	1.007
2.01	1.003	1.008	1.002	1.005
2.02	1.009	1.007	1.004	1.007
2.03	1.006	1.009	1.004	1.007
2.04	1.005	1.004	1.004	1.006
2.05	1.004	1.003	1.003	1.006
2.06	1.006	1.005	1.01	1.007
2.07	1.004	1.005	1.007	1.006
2.08	1.005	1.005	1.005	1.007
2.09	1.009	1.007	1.004	1.007
2.1	1.008	1.008	1.004	1.007
2.11	1.005	1.006	1.008	1.006
2.12	1.006	1.004	1.007	1.007
2.13	1.009	1.009	1.006	1.008
2.14	1.004	1.01	1.005	1.007
2.15	1.006	1.003	1.004	1.007
2.16	1.008	1.007	1.007	1.007
2.17	1.012	1.01	1.002	1.009
2.18	1.01	1.004	1.009	1.008
2.19	1.008	1.009	1.01	1.009
2.2	1.007	1.006	1.006	1.008
2.21	1.003	1.011	1.012	1.009
2.22	1.008	1.006	1.007	1.009
2.23	1.008	1.005	1.006	1.008
2.24	1.005	1.009	1.011	1.008
2.25	1.006	1.007	1.01	1.008
2.26	1.008	1.007	1.01	1.009
2.27	1.01	1.008	1.009	1.009
2.28	1.009	1.005	1.006	1.009
2.29	1.006	1.008	1.008	1.009
2.3	1.005	1.01	1.003	1.008
2.31	1.01	1.004	1.008	1.008
2.32	1.008	1.007	1.005	1.008
2.33	1.009	1.003	1.009	1.009
2.34	1.006	1.009	1.005	1.008
2.35	1.011	1.01	1.011	1.009
2.36	1.007	1.012	1.005	1.009
2.37	1.011	1.009	1.01	1.009
2.38	1.006	1.009	1.008	1.009
2.39	1.011	1.005	1.013	1.01
2.4	1.009	1.012	1.011	1.01
2.41	1.007	1.011	1.013	1.01
2.42	1.009	1.01	1.011	1.01
2.43	1.01	1.01	1.008	1.009
2.44	1.01	1.009	1.01	1.011
2.45	1.008	1.009	1.008	1.01
2.46	1.009	1.007	1.009	1.009
2.47	1.011	1.012	1.01	1.011
2.48	1.007	1.01	1.01	1.01
2.49	1.013	1.01	1.01	1.01
2.5	1.009	1.009	1.012	1.01
2.51	1.014	1.009	1.01	1.011
2.52	1.01	1.015	1.011	1.011
2.53	1.014	1.008	1.01	1.011
2.54	1.008	1.011	1.011	1.011
2.55	1.011	1.009	1.009	1.011
2.56	1.01	1.011	1.009	1.011
2.57	1.012	1.009	1.014	1.011
2.58	1.006	1.007	1.012	1.009
2.59	1.012	1.01	1.009	1.01
2.6	1.008	1.013	1.01	1.011
2.61	1.012	1.012	1.006	1.01
2.62	1.01	1.009	1.01	1.01
2.63	1.011	1.009	1.01	1.011
2.64	1.011	1.011	1.011	1.011
2.65	1.008	1.012	1.01	1.011
2.66	1.004	1.006	1.01	1.011
2.67	1.008	1.011	1.009	1.01
2.68	1.011	1.013	1.01	1.011
2.69	1.009	1.009	1.014	1.01
2.7	1.007	1.009	1.01	1.009
2.71	1.011	1.012	1.011	1.01
2.72	1.011	1.008	1.012	1.01
2.73	1.01	1.011	1.009	1.01
2.74	1.011	1.008	1.01	1.01
2.75	1.01	1.009	1.008	1.009
2.76	1.011	1.014	1.01	1.011
2.77	1.012	1.008	1.009	1.011
2.78	1.004	1.009	1.008	1.009
2.79	1.008	1.01	1.009	1.011
2.8	1.009	1.01	1.01	1.01
2.81	1.01	1.01	1.01	1.01
2.82	1.011	1.008	1.007	1.01
2.83	1.01	1.011	1.011	1.01
2.84	1.009	1.01	1.009	1.009
2.85	1.011	1.006	1.01	1.01
2.86	1.006	1.01	1.01	1.008
2.87	1.013	1.008	1.011	1.01
2.88	1.005	1.01	1.006	1.009
2.89	1.011	1.007	1.01	1.01
2.9	1.009	1.009	1.01	1.009
2.91	1.009	1.009	1.009	1.009
2.92	1.006	1.01	1.006	1.009
2.93	1.008	1.012	1.009	1.01
2.94	1.01	1.005	1.007	1.009
2.95	1.012	1.008	1.008	1.009
2.96	1.008	1.012	1.008	1.01
2.97	1.005	1.008	1.009	1.008
2.98	1.01	1.011	1.009	1.01
2.99	1.009	1.011	1.005	1.009
3	1.007	1.007	1.009	1.008
3.01	1.006	1.005	1.008	1.008
3.02	1.011	1.007	1.011	1.009
3.03	1.008	1.008	1.01	1.008
3.04	1.009	1.01	1.01	1.01
3.05	1.008	1.008	1.006	1.009
3.06	1.007	1.007	1.008	1.008
3.07	1.01	1.008	1.008	1.008
3.08	1.006	1.007	1.009	1.008
3.09	1.009	1.007	1.009	1.009
3.1	1.011	1.01	1.01	1.009
3.11	1.008	1.011	1.008	1.009
3.12	1.009	1.009	1.009	1.01
3.13	1.008	1.007	1.011	1.009
3.14	1.009	1.009	1.01	1.009
3.15	1.01	1.006	1.008	1.008
3.16	1.009	1.013	1.01	1.01
3.17	1.008	1.013	1.008	1.01
3.18	1.013	1.011	1.009	1.01
3.19	1.008	1.007	1.01	1.009
3.2	1.007	1.012	1.01	1.01
3.21	1.01	1.009	1.009	1.009
3.22	1.008	1.009	1.009	1.01
3.23	1.009	1.008	1.011	1.009
3.24	1.011	1.009	1.011	1.009
3.25	1.009	1.01	1.008	1.009
3.26	1.008	1.012	1.01	1.009
3.27	1.01	1.01	1.01	1.009
3.28	1.01	1.008	1.01	1.009
3.29	1.006	1.009	1.011	1.009
3.3	1.008	1.008	1.009	1.009
3.31	1.009	1.009	1.011	1.009
3.32	1.01	1.008	1.009	1.009
3.33	1.009	1.008	1.009	1.01
3.34	1.006	1.006	1.013	1.01
3.35	1.007	1.005	1.011	1.009
3.36	1.007	1.008	1.009	1.009
3.37	1.006	1.01	1.01	1.009
3.38	1.012	1.013	1.01	1.01
3.39	1.011	1.009	1.011	1.01
3.4	1.007	1.014	1.009	1.011
3.41	1.009	1.01	1.014	1.01
3.42	1.01	1.01	1.011	1.01
3.43	1.01	1.009	1.013	1.011
3.44	1.008	1.009	1.01	1.01
3.45	1.013	1.007	1.011	1.01
3.46	1.012	1.012	1.011	1.011
3.47	1.009	1.01	1.011	1.01
3.48	1.011	1.012	1.009	1.011
3.49	1.011	1.011	1.012	1.011
3.5	1.012	1.012	1.013	1.011
3.51	1.01	1.012	1.01	1.011
3.52	1.012	1.01	1.012	1.011
3.53	1.017	1.012	1.011	1.012
3.54	1.012	1.011	1.011	1.012
3.55	1.016	1.013	1.009	1.011
3.56	1.011	1.014	1.011	1.011
3.57	1.012	1.012	1.013	1.011
3.58	1.01	1.012	1.011	1.011
3.59	1.011	1.011	1.009	1.01
3.6	1.011	1.015	1.011	1.011
3.61	1.01	1.012	1.01	1.011
3.62	1.01	1.011	1.011	1.01
3.63	1.009	1.013	1.012	1.011
3.64	1.012	1.012	1.011	1.011
3.65	1.011	1.01	1.013	1.011
3.66	1.011	1.008	1.011	1.011
3.67	1.011	1.009	1.011	1.01
3.68	1.01	1.012	1.012	1.011
3.69	1.012	1.011	1.011	1.011
3.7	1.011	1.009	1.01	1.01
3.71	1.009	1.011	1.01	1.009
3.72	1.01	1.011	1.011	1.011
3.73	1.009	1.01	1.011	1.01
3.74	1.008	1.011	1.011	1.01
3.75	1.011	1.009	1.009	1.01
3.76	1.009	1.01	1.009	1.009
3.77	1.009	1.009	1.012	1.009
3.78	1.01	1.012	1.009	1.01
3.79	1.013	1.009	1.013	1.01
3.8	1.008	1.009	1.01	1.009
3.81	1.01	1.009	1.013	1.009
3.82	1.009	1.01	1.009	1.009
3.83	1.007	1.007	1.01	1.009
3.84	1.007	1.009	1.01	1.009
3.85	1.011	1.009	1.012	1.009
3.86	1.011	1.011	1.009	1.009
3.87	1.009	1.01	1.011	1.01
3.88	1.008	1.008	1.011	1.009
3.89	1.008	1.011	1.01	1.009
3.9	1.008	1.01	1.01	1.009
3.91	1.007	1.009	1.011	1.009
3.92	1.011	1.01	1.01	1.009
3.93	1.01	1.009	1.012	1.01
3.94	1.01	1.011	1.008	1.01
3.95	1.008	1.01	1.013	1.01
3.96	1.011	1.01	1.011	1.009
3.97	1.011	1.01	1.013	1.009
3.98	1.009	1.009	1.011	1.009
3.99	1.009	1.009	1.012	1.01
4	1.007	1.011	1.011	1.009
4.01	1.011	1.009	1.012	1.01
4.02	1.01	1.01	1.011	1.009
4.03	1.009	1.009	1.011	1.01
4.04	1.01	1.01	1.011	1.009
4.05	1.009	1.012	1.011	1.01
4.06	1.009	1.01	1.009	1.009
4.07	1.009	1.01	1.009	1.009
4.08	1.008	1.01	1.011	1.009
4.09	1.009	1.011	1.011	1.009
4.1	1.009	1.011	1.01	1.009
4.11	1.008	1.01	1.009	1.008
4.12	1.009	1.007	1.007	1.008
4.13	1.008	1.009	1.011	1.008
4.14	1.009	1.008	1.01	1.009
4.15	1.008	1.009	1.01	1.009
4.16	1.009	1.008	1.01	1.009
4.17	1.009	1.01	1.007	1.008
4.18	1.009	1.009	1.01	1.008
4.19	1.008	1.008	1.009	1.008
4.2	1.007	1.007	1.01	1.008
4.21	1.008	1.008	1.008	1.008
4.22	1.008	1.009	1.01	1.008
4.23	1.007	1.008	1.01	1.008
4.24	1.011	1.009	1.007	1.008
4.25	1.005	1.008	1.01	1.007
4.26	1.006	1.009	1.009	1.007
4.27	1.008	1.009	1.009	1.008
4.28	1.007	1.009	1.008	1.007
4.29	1.009	1.007	1.006	1.007
4.3	1.007	1.008	1.008	1.008
4.31	1.008	1.005	1.007	1.007
4.32	1.006	1.008	1.006	1.007
4.33	1.006	1.005	1.008	1.006
4.34	1.01	1.007	1.01	1.007
4.35	1.006	1.008	1.007	1.006
4.36	1.008	1.006	1.006	1.007
4.37	1.006	1.009	1.006	1.006
4.38	1.007	1.006	1.007	1.006
4.39	1.005	1.006	1.007	1.006
4.4	1.004	1.007	1.006	1.006
4.41	1.005	1.005	1.007	1.006
4.42	1.006	1.006	1.004	1.006
4.43	1.008	1.008	1.007	1.007
4.44	1.007	1.005	1.005	1.005
4.45	1.006	1.005	1.006	1.005
4.46	1.007	1.008	1.005	1.006
4.47	1.007	1.007	1.004	1.006
4.48	1.008	1.005	1.004	1.006
4.49	1.006	1.004	1.004	1.005
4.5	1.005	1.006	1.007	1.005
4.51	1.008	1.007	1.007	1.006
4.52	1.005	1.006	1.006	1.006
4.53	1.006	1.006	1.006	1.006
4.54	1.006	1.007	1.007	1.005
4.55	1.004	1.004	1.004	1.005
4.56	1.005	1.006	1.007	1.005
4.57	1.006	1.006	1.005	1.005
4.58	1.004	1.005	1.005	1.005
4.59	1.008	1.008	1.005	1.006
4.6	1.003	1.005	1.006	1.004
4.61	1.004	1.006	1.007	1.005
4.62	1.006	1.007	1.006	1.005
4.63	1.006	1.006	1.006	1.005
4.64	1.005	1.004	1.007	1.005
4.65	1.005	1.005	1.005	1.004
4.66	1.004	1.006	1.007	1.005
4.67	1.005	1.003	1.006	1.004
4.68	1.004	1.006	1.004	1.005
4.69	1.005	1.005	1.004	1.004
4.7	1.006	1.004	1.005	1.005
4.71	1.004	1.004	1.006	1.004
4.72	1.005	1.004	1.004	1.004
4.73	1.004	1.004	1.004	1.004
4.74	1.004	1.004	1.005	1.004
4.75	1.006	1.004	1.004	1.004
4.76	1.002	1.004	1.005	1.003
4.77	1.003	1.005	1.006	1.004
4.78	1.003	1.005	1.003	1.003
4.79	1.003	1.004	1.003	1.003
4.8	1.004	1.003	1.004	1.004
4.81	1.004	1.002	1.003	1.003
4.82	1.005	1.003	1.003	1.003
4.83	1.004	1.005	1.006	1.004
4.84	1.005	1.003	1.004	1.004
4.85	1.004	1.003	1.004	1.003
4.86	1.004	1.005	1.004	1.003
4.87	1.003	1.004	1.003	1.003
4.88	1.004	1.005	1.004	1.004
4.89	1.003	1.005	1.002	1.003
4.9	1.002	1.003	1.004	1.003
4.91	1.003	1.002	1.004	1.003
4.92	1.005	1.004	1.004	1.003
4.93	1.003	1.002	1.002	1.003
4.94	1.004	1.003	1.003	1.003
4.95	1.004	1.002	1.002	1.003
4.96	1.002	1.004	1.002	1.003
4.97	1.003	1.003	1.005	1.003
4.98	1.004	1.003	1.005	1.003
4.99	1.005	1.003	1.004	1.003
5	1.003	1.003	1.003	1.003
5.01	1.003	1.002	1.003	1.003
5.02	1.002	1.004	1.001	1.002
5.03	1.004	1.004	1.003	1.003
5.04	1.003	1.003	1.002	1.003
5.05	1.003	1.003	1.003	1.003
5.06	1.001	1.003	1.004	1.003
5.07	1.005	1.003	1.002	1.003
5.08	1.004	1.003	1.003	1.003
5.09	1.003	1.003	1.003	1.002
5.1	1.003	1.003	1.001	1.002
5.11	1.004	1.003	1.001	1.003
5.12	1.004	1.003	1.002	1.003
5.13	1.003	1.001	1.002	1.002
5.14	1.005	1.002	1.003	1.003
5.15	1.003	1.002	1.002	1.002
5.16	1.002	1.003	1.003	1.003
5.17	1.004	1.002	1.002	1.003
5.18	1.003	1.002	1.002	1.003
5.19	1.002	1.001	1.002	1.002
5.2	1.003	1.003	1.003	1.002
5.21	1.003	1.003	1.004	1.003
5.22	1.003	1.002	1.003	1.003
5.23	1.003	1.005	1.002	1.002
5.24	1.001	1.003	1.003	1.002
5.25	1.003	1.003	1.001	1.002
5.26	1.004	1.003	1.002	1.003
5.27	1.002	1.002	1.004	1.003
5.28	1.003	1.004	1.003	1.003
5.29	1.002	1.003	1.003	1.003
5.3	1.002	1.003	1.002	1.003
5.31	1.001	1.003	1.004	1.003
5.32	1.003	1.002	1.004	1.002
5.33	1.004	1.003	1.002	1.002
5.34	1.004	1.003	1.004	1.003
5.35	1	1.003	1.003	1.002
5.36	1.002	1.004	1.002	1.003
5.37	1.003	1.002	1.003	1.002
5.38	1.002	1.001	1.005	1.002
5.39	1.002	1.001	1.004	1.002
5.4	1.002	1.003	1.003	1.002
5.41	1.001	1.003	1.004	1.002
5.42	1.002	1.002	1.004	1.002
5.43	1.002	1.003	1.004	1.002
5.44	1.001	1.005	1.001	1.002
5.45	1.001	1.002	1.001	1.002
5.46	1.002	1.003	1.003	1.002
5.47	1.002	1.002	1.003	1.002
5.48	1.001	1	1.002	1.002
5.49	1.001	1.001	1.002	1.001
5.5	0.999	1	1.003	1.001
5.51	1	1.002	1.001	1.001
5.52	1.002	1.002	1	1.001
5.53	1.001	1.002	1.001	1.001
5.54	1	1.001	1.004	1.001
5.55	0.998	1.001	1.001	1.001
5.56	1	1	1	1
5.57	1.002	1	1.002	1.001
5.58	1	1.001	1.001	1.001
5.59	1.001	1	1.001	1
5.6	0.999	1.002	1.001	1
5.61	1	1.001	0.999	1
5.62	0.999	1	1	1
5.63	0.998	0.998	0.999	0.999
5.64	1	1	1	1
5.65	0.999	1	1	0.999
5.66	1	1.001	0.998	1
5.67	0.998	0.999	0.999	0.999
5.68	1.001	0.999	1	1
5.69	0.999	0.999	1.001	0.999
5.7	0.998	0.999	1	0.999
5.71	0.999	0.998	0.998	0.999
5.72	0.999	1	0.999	0.999
5.73	1	1	0.999	0.999
5.74	0.999	1	0.998	0.999
5.75	0.998	0.999	0.999	0.999
5.76	0.999	0.998	0.999	0.999
5.77	0.999	0.997	0.999	0.999
5.78	1.001	1	0.997	0.999
5.79	1	0.999	0.999	0.999
5.8	0.998	0.999	0.999	0.998
5.81	1	0.999	0.998	0.999
5.82	1	0.999	0.998	0.999
5.83	0.998	0.997	0.999	0.998
5.84	0.998	0.998	0.997	0.998
5.85	0.998	0.998	0.999	0.998
5.86	0.998	0.998	0.996	0.998
5.87	0.999	0.998	0.999	0.999
5.88	0.998	0.999	0.997	0.998
5.89	0.997	0.997	0.998	0.998
5.9	0.999	0.998	0.998	0.998
5.91	0.997	0.998	0.998	0.998
5.92	0.997	0.997	0.998	0.998
5.93	0.997	0.998	0.998	0.998
5.94	0.996	0.997	0.996	0.997
5.95	0.997	0.998	0.997	0.997
5.96	0.999	0.998	0.998	0.998
5.97	0.998	0.997	0.998	0.998
5.98	0.998	0.997	0.997	0.997
5.99	0.998	0.999	0.996	0.997
6	0.998	0.998	0.995	0.997
6.01	0.997	0.998	0.997	0.998
6.02	0.997	0.996	0.998	0.998
6.03	0.999	0.997	0.997	0.997
6.04	0.998	0.997	0.996	0.997
6.05	0.998	0.996	0.997	0.997
6.06	0.996	0.997	0.996	0.997
6.07	0.997	0.996	0.997	0.997
6.08	0.997	0.997	0.998	0.997
6.09	0.997	0.997	0.997	0.997
6.1	0.997	0.998	0.996	0.997
6.11	0.996	0.997	0.997	0.997
6.12	0.996	0.995	0.996	0.996
6.13	0.997	0.998	0.996	0.996
6.14	0.996	0.998	0.996	0.996
6.15	0.996	0.995	0.995	0.996
6.16	0.997	0.997	0.997	0.997
6.17	0.998	0.997	0.998	0.997
6.18	0.999	0.996	0.996	0.997
6.19	0.997	0.996	0.996	0.997
6.2	0.996	0.997	0.997	0.996
6.21	0.996	0.995	0.996	0.996
6.22	0.997	0.996	0.996	0.997
6.23	0.996	0.997	0.996	0.996
6.24	0.997	0.997	0.996	0.997
6.25	0.995	0.995	0.996	0.996
6.26	0.995	0.994	0.995	0.996
6.27	0.996	0.998	0.997	0.996
6.28	0.997	0.997	0.993	0.996
6.29	0.996	0.996	0.996	0.996
6.3	0.997	0.998	0.997	0.996
6.31	0.997	0.997	0.995	0.996
6.32	0.995	0.996	0.996	0.996
6.33	0.996	0.996	0.995	0.996
6.34	0.996	0.996	0.997	0.996
6.35	0.994	0.995	0.996	0.995
6.36	0.995	0.996	0.997	0.996
6.37	0.997	0.995	0.996	0.996
6.38	0.996	0.996	0.997	0.996
6.39	0.995	0.997	0.996	0.996
6.4	0.995	0.996	0.998	0.995
6.41	0.996	0.995	0.998	0.996
6.42	0.995	0.993	0.997	0.995
6.43	0.995	0.995	0.995	0.995
6.44	0.995	0.995	0.996	0.995
6.45	0.995	0.996	0.995	0.995
6.46	0.996	0.995	0.997	0.995
6.47	0.994	0.995	0.996	0.996
6.48	0.995	0.996	0.995	0.995
6.49	0.994	0.997	0.997	0.995
6.5	0.995	0.996	0.995	0.995
6.51	0.995	0.997	0.996	0.995
6.52	0.996	0.995	0.995	0.995
6.53	0.995	0.996	0.994	0.995
6.54	0.994	0.995	0.995	0.995
6.55	0.995	0.996	0.995	0.995
6.56	0.994	0.995	0.995	0.994
6.57	0.995	0.994	0.994	0.994
6.58	0.993	0.995	0.995	0.995
6.59	0.996	0.993	0.995	0.995
6.6	0.995	0.994	0.993	0.994
6.61	0.995	0.994	0.994	0.995
6.62	0.995	0.995	0.994	0.994
6.63	0.994	0.994	0.994	0.994
6.64	0.995	0.994	0.995	0.994
6.65	0.993	0.995	0.995	0.994
6.66	0.992	0.995	0.994	0.995
6.67	0.995	0.994	0.995	0.994
6.68	0.995	0.995	0.994	0.994
6.69	0.995	0.994	0.994	0.994
6.7	0.995	0.994	0.994	0.994
6.71	0.993	0.992	0.994	0.993
6.72	0.993	0.994	0.993	0.994
6.73	0.994	0.994	0.995	0.994
